1 7
2 19
3 7
4 12
5 19
6 10
7 17
8 8
9 5
10 5
11 0
12 13
13 18
14 6
15 2
16 6
17 17
18 10
19 9
20 15
21 5
22 10
23 0
24 14
25 12
26 11
27 17
28 2
29 13
30 18
31 18
32 17
33 3
34 3
35 14
36 11
37 3
38 18
39 5
40 1
41 11
42 12
43 1
44 11
45 17
46 4
47 19
48 11
49 1
50 1
51 19
52 16
53 16
54 5
55 19
56 15
57 12
58 11
59 16
60 16
61 7
62 9
63 15
64 10
65 9
66 8
67 14
68 15
69 17
70 11
71 2
72 11
73 7
74 13
75 13
76 14
77 13
78 8
79 19
80 19
81 13
82 10
83 6
84 11
85 14
86 8
87 17
88 9
89 3
90 8
91 4
92 18
93 4
94 5
95 16
96 7
97 9
98 13
99 16
100 2
101 6
102 0
103 4
104 14
105 15
106 15
107 14
108 9
109 9
110 6
111 6
112 4
113 2
114 2
115 2
116 2
117 6
118 2
119 4
120 15
121 1
122 18
123 7
124 3
125 1
126 4
127 14
128 12
129 13
130 0
131 0
132 12
133 0
134 9
135 1
136 17
137 17
138 10
139 10
140 12
141 6
142 19
143 10
144 16
145 10
146 14
147 5
148 9
149 16
150 17
151 11
152 8
153 7
154 7
155 12
156 12
157 19
158 18
159 4
160 5
161 15
162 6
163 18
164 10
165 8
166 15
167 17
168 18
169 7
170 6
171 0
172 13
173 10
174 1
175 18
176 5
177 10
178 11
179 3
180 12
181 15
